"WT.GSM130365","WT.GSM130366","WT.GSM130367","KO.GSM130368","KO.GSM130369","KO.GSM130370"
511.1,525.7,598.8,1294.3,1138.6,1043
4254.2,4277.5,4449.5,6037.6,6181.5,6162.7
2556.7,2707.7,3028.6,5066.3,4495.7,4344.2
12.7,14.9,10.8,32.8,34.5,28
4747,5041.1,4033.2,1565.2,1613.9,1732.8
1046.3,936.7,903.7,1415.2,1318.4,1223.3
5943.6,5557.4,5513.9,4747.4,4487.1,4224.2
4028.7,3798.9,4365.8,5382.5,5262.7,4936.9
649.6,582,510,187.6,261.6,337.1
8166.5,7793,8189.3,10639.5,11007.7,10129.6
245.7,259.3,283.5,512.5,562.7,525.2
3262.9,3373.9,3251.6,5498.2,5245.8,5160.3
4414.1,4618.9,5109.6,3299,2666.3,2922.2
819.5,849.5,834.1,1031.4,987.7,1006.8
695.9,770.3,668.8,1069.6,1289.9,1133.2
967.4,930.4,821.5,529.7,452.8,473
3371,3176,2971.6,4182.8,4312.4,4668.9
2193.3,2307,2206.2,5391.8,5453.4,5365.1
122.7,109.1,88.2,35.9,18.5,56.5
1358,1225.5,1370.6,712.9,591.8,747.9
28.9,30,49.4,190.4,221.5,157.5
2428.5,2436,2781.2,1946.3,1620.5,1772.4
20269,19657.1,20338.8,21697.8,21274.6,22057.3
1046.2,959.6,972.3,1346.4,1323.2,1326.2
1296.9,966.8,1217.8,4866.9,4658.1,4473.3
3584.1,3474,3677.1,2535.2,2364.8,2796.3
607.8,650.4,697.3,452.9,498.3,474.1
385.2,465.1,407.6,1011.8,1018,881.5
434.1,463.5,464.2,386.1,368.5,383.6
3066.2,3336.9,3103.5,1903.2,1943,2126.4
1043.7,1082.4,992.4,689.6,716.7,797.4
585.2,534.7,494.2,283.3,304.1,375.4
676.5,639.4,637.8,971.7,874.5,924
203.3,236.2,257.8,449.4,438.7,468.3
5.2,7.2,8.5,14.9,12,14.1
980.4,1180.1,1337.4,4940.2,4749.3,4324.1
501.2,473.3,530.4,362,381.7,378.7
279.5,276.9,263.9,740.3,752.4,779.3
2099,1975.7,1879.9,2735.9,2642.4,2844.5
63.1,109.9,86.4,344,257.4,290.4
308.2,272.8,269.2,145.2,107.1,170
3680.4,3965.2,3460.3,6418.5,6683.3,6700.7
1622.2,1674.7,1404.6,2076,2093.5,2231.2
862.7,919.5,1038.5,310.8,287.9,325.5
9722.8,9019.8,8959.5,20017.5,18217.3,19665.9
1191.8,1149.6,1095.4,1778.5,1867.4,1643.5
236.4,271,268.8,316,340.4,348.2
137.7,105.6,123.1,38.5,28.7,25
322,303.8,243.7,597.9,570.5,661.4
541,617.5,609.2,451,365.4,386.7
14.2,14.5,10.5,24.1,22.8,28.8
313.3,263.6,258.5,135.5,177.1,104.2
2237.7,2071.6,2064.9,1719.7,1624.2,1689.1
2055.3,1885.8,1966.4,1595,1487,1505.3
54.5,69.9,35.1,3028.3,3280.2,3243.9
211.1,232.9,204.1,106.2,117.1,126.8
500.2,619.7,585.4,807.5,986.9,944.1
257.4,258.7,285,146.5,122.9,132.4
747.1,753.7,756,894.9,906,887.9
2379.2,1695,1988.6,3541.4,3204.2,3211.2
441.7,464.3,353.4,783.8,725.5,806.6
239.3,191.2,227.9,94.5,38,64.3
692.5,676.1,582.3,1046.3,1214,1189.1
430,468.5,382.5,575.7,618.7,574.2
495.1,631.4,513.5,1106.4,887.1,954.1
498.5,527,528.9,815.8,809.1,758.1
3034.2,3234.8,3154.6,2292.1,2158.9,2340.9
776.1,803.4,815.7,1447.7,1435.5,1490.9
860.3,878.9,876.4,582.4,503.4,469.3
311.6,269.2,252.1,131.4,102.5,154.5
1229.7,1372.8,1380.7,911.3,1048.4,965.7
931.6,1050.7,986.2,2525.1,2270.3,2250.3
76.7,93.9,78.4,48.8,55.8,38
72.5,165.7,50.6,527.2,495.4,620.7
126.2,106.7,86.1,20.8,27.4,10.9
581.8,570.7,589.6,919.1,951.7,919.7
86.2,112.3,93.6,203.4,233.8,220.4
25.6,47.2,37.5,265.3,246.4,199.1
14.2,7.7,10.6,57.6,49.7,55.2
3221.3,3323.8,3091.5,1595.5,2004.3,2064.9
101,160,65.3,397.8,356.8,409.3
2613.3,2745.5,2455.2,5469,4979.7,5183.5
725.5,699.5,810.6,541.1,463,499.8
2191.2,2003.6,2107.4,3071.2,3062.8,2917.5
1728.6,1693.2,1565.3,1235.8,1262.2,1215.5
620.9,679.1,617.4,389.3,450.5,487.2
2426.6,2312,2086.7,1391.8,1451.3,1613.6
762,727.3,754.8,564.1,559,555.9
131.5,150.2,98.7,199.3,241.3,228.1
946.1,992.5,888.7,739.1,755.5,676.3
238.1,237.5,296.9,572.7,459.2,501.9
201.9,193.1,194.6,136.7,138,157.1
1950.7,1927.6,1866.1,4181.5,4420.3,4843.5
879.5,930.8,764,1347.8,1382,1457.1
902.1,873.8,809.3,306.4,467.2,352.5
1253.2,1253,1044.5,666.9,694.2,505.4
1976.1,1902.8,1693.9,2684.1,2424.2,2666
693.8,650.4,559.1,1167.5,989.3,1177.5
283,288.2,279.8,683,723.2,776.1
28,53.5,33.5,236.8,206.6,204.5
391.8,375.4,386.6,304.9,279.1,296.7
119.6,96.4,126,349.1,348.4,340.5
1352.1,1329.6,1369.3,1069.3,1034.9,962.4
1844.8,2020.2,1741.7,1286.3,1176.1,1466.8
3193.3,3334,3144.1,2728.2,2660.9,2785.2
287.8,314.1,116.8,555.6,733.4,633.5
853.9,822.3,1006.8,1521.9,1380.8,1543.1
217.6,196.5,197.2,681.7,656.8,599.6
573.3,496.9,499.5,734.7,703.5,728.3
763.5,698.7,797.7,273.1,343.1,375.6
115.1,102.8,105.8,250.7,265,311.3
225.7,208,184.5,94.4,112.6,123.4
529,614.8,553.4,800.5,725.7,791.5
9.5,10.9,13,18.1,18.9,22.6
362,418.4,357.6,14.1,24.3,59.7
1262.9,1378.8,1138.7,1841.7,1907.3,1947.4
572.9,699.7,612.1,399.1,350.9,438.8
318.9,361.5,331.2,468.8,486.9,456
459.2,601.8,427.8,1206.8,1256.2,1087.7
1078.9,1098.5,1264.7,2715.4,2709.2,2751.8
556.9,599.7,680.9,1022.9,970.4,916.3
1744.3,1963,1964.7,2635.7,2489.7,2412
1915.1,2160.5,2173.9,1248.4,1221.8,1069.9
1384.8,1441.8,1606.1,2057.9,1885.8,1852.8
429.2,397.1,369.3,265,242.4,267.2
148.6,120.4,109,16.8,52.4,23.8
279.9,310.9,287.2,353.8,361.6,381.1
173.5,185.6,157.7,94.4,73.1,88.7
401.2,351,432.2,107.1,143.3,182
1511.6,1351,1382.9,340.3,350.5,397.9
130.6,124.6,107.4,39.5,33.1,18.4
593.1,568.4,488.7,840,793.9,829.5
580,616.6,590.4,978,979.8,1062.9
116.1,95.2,121.1,55.8,27.4,35.6
1072.4,1140,1019.3,644.2,708.2,759.3
103.2,112.9,75.3,162.1,158.6,195
368,302.1,298.7,170.7,193.7,133.6
156,151,107.4,361.1,299.4,271.4
939.6,899.6,790.6,532.1,642.2,598.2
401.3,293.4,230,673.4,580.5,752.6
2693.4,2605,2799.2,3827.6,3931.1,3813.9
296.1,351.9,190.8,1004.9,1323.5,1030.5
1352.5,1312.2,1292.9,951.3,1038.8,989.6
5257.2,5190.3,5437.4,3316.7,3232,3215.7
2275.8,2433.6,2146.1,1001.3,977.8,907.3
1714.9,1787.9,1627.3,1312.4,1433.9,1302
3067.3,3294.5,2922.5,2351.5,2165.9,2432.8
283.7,234.6,273.5,111,161.7,88.3
164.8,213,171.3,35.9,27.6,35.7
195.9,235.9,205.1,403,493.1,412.8
394.6,397,474.5,719.5,635.8,602.9
667.5,797.2,596.4,1058.5,995.4,1209.4
1622.1,1642,1563.7,2077,2055,2013.2
796.3,808.3,762.3,548.2,462.7,507.5
2951,3089.9,3172.1,4395.2,4380.9,3953.2
620.5,586.3,533,837,807.2,737.4
91.1,90.2,65.7,170.7,205.8,188.5
92.1,75.6,134.7,765.3,741.6,879.7
1130.1,1108,1037.3,1281.3,1322.9,1399.1
830.4,801.4,800.1,1107.6,1073.3,1005.9
558,613.1,475.8,756.6,862.5,777.9
583.4,591.4,634,504.3,449.5,462.1
850.8,891.2,931,763.6,754.9,703.1
548.9,523.2,534.8,1050.6,959,1116.4
1012.6,1199,1113.3,1868,2115.7,2141.3
4367.8,4292.9,4149.9,4786.4,4851.2,5034.5
669.9,775.1,688.8,503.3,483,408.4
183.7,199.2,80.6,391.5,567.2,534.9
630.7,608.2,651,529,516.9,559.9
476,449.3,411.5,192.2,240.6,263.5
2369.6,2304.1,2365.4,1639.3,1609.9,1659.7
2168.4,2416.9,2053.2,1114.9,1189.1,1289.1
4829.6,4672.5,4966.3,6405.3,6560.5,6953.3
831.4,763.5,734.9,1140.7,1128.6,1223.6
662.2,471.2,570.9,902.6,1091.3,1116.9
292.5,298.3,319.1,255.5,222.3,229.8
485.9,424.9,434.9,196.4,152.2,210.9
4607,4103.1,4489.9,2647.3,2669.1,2519.3
22.2,27.1,28.6,332.5,301.7,280.9
813.2,799.9,757.4,472.9,520.9,600.6
3184.8,2975.9,2969.7,2263.6,2381.7,2521.3
680.2,739.3,599,1696.1,1830.2,1723.8
5460.7,5549.2,5173,10833.1,11616.2,11680
3.4,11.9,6.7,31.4,28.4,41.8
110.7,102.4,89.3,40.1,52.9,36.8
55,67.8,51.1,2.7,4,15.4
565.1,449.7,424.9,885.2,881.7,917
671.5,578.9,654,364.8,426.6,466.6
1119.6,1264.5,1013.4,570.2,536.6,643.9
576.6,601.3,660.6,817.2,833.9,869.6
49.1,72.3,41.8,202.5,222.1,191.5
757.8,956.6,923.7,1721.1,1666.1,1553.7
76.3,69.2,72.1,19.2,16.7,8.5
18.2,15.2,18.5,9.6,8.5,7.5
2358.5,2309.9,2245.5,1889.1,1710.3,1684.5
14.5,13.5,12.5,42.8,46.7,46
16,14.9,12.2,70.9,63.3,60.1
356.4,378.6,423.4,208.4,282.8,237
211.7,232.1,183.5,112.3,138.6,105.2
893.2,751.9,771.6,1047.4,1189.4,1193.7
620.5,677,712.9,973.7,1073.1,1014.1
1846,2065,2219.6,1369.5,1072.6,1251.5
127.6,121.8,114.5,37.4,27.2,59.9
379.9,355.3,401.2,135.8,185.3,214.4
869.1,1011.6,928.7,1329.9,1224.8,1198.8
155.8,127.1,194.7,310.3,344.8,291.6
2334.4,2301,2220,1661,1653.4,1690.3
446.3,453.8,557,2090.2,2066.9,2057.8
2588.3,2338.9,2625.7,3110.1,3161.2,2931.6
322.6,367.9,314.3,528,503.7,561.8
970.6,1214.1,1045.1,1814.2,1697.4,1627.5
1863.3,1738.9,1808.8,1526.7,1479.6,1436.1
202.8,216.2,242.2,117.8,145,106.1
1284.6,1441.2,1170.8,1708,1961.4,1788.4
122.3,103.4,113,79.2,53.7,60.1
99.5,95.6,105.1,59.8,64,46.8
627.3,627,761.1,1095.3,937.1,955.9
1730.1,1943.5,1352.5,3747,4071.8,4179.8
4325,4598.4,4492.3,8957.3,8528.4,8529.7
1146.6,1244.1,1240.8,690.5,860.9,868.7
473.4,542.5,457.9,5010.2,5233.6,5293.4
235.3,191,230.5,125.8,108.4,81.6
1977.6,2105,2065.7,1438.7,1457.5,1518.7
716.4,719.7,728.2,275.9,244.5,298.8
1311.6,1343.3,1331,982.5,943.1,963.7
3947.9,4260.3,3689.1,6012.6,6327.1,6347.2
4292.1,3976.7,4439.6,3472.5,3080.3,3195.5
2312,2456.4,3495.5,7192.8,6478.4,6698.3
626.1,634.1,564.1,427.1,435.9,492.8
87,88.1,92.4,174.4,169.2,175.6
573.3,599.6,695.5,330.8,417.9,346.7
1251.8,1334.7,1286.2,2202.6,1961.2,2088.1
1133.3,1158.9,836.7,1621.9,1743.5,1822.3
1164.1,1332,1114.4,1655.6,1759.1,1626.7
7756.4,7870.3,8419.4,6191.6,5891.8,6381
1861.3,1849.4,1780.3,1571.6,1605.4,1537.2
1546.7,1497.5,1722.6,667,650.6,881.1
4414.3,4271.8,4062.9,3640.6,3306.2,3230.9
379.8,408.6,370.2,838.8,985,864.3
8218.3,7966.1,8442.3,13301.1,11903.6,11878
399,506.3,400.1,764.4,762,805.4
428.4,511.5,552.7,1094.9,982.1,962.6
1307.6,1127.4,1104.5,647.4,775.2,717.8
265.5,236.9,249.6,117.2,136.3,135.2
1833.5,1898.3,1986.6,2560.1,2417.6,2491.8
244.3,256.1,229.4,164.9,150.2,127
1152.6,1045.7,945.9,264,219.8,236.5
487.8,531.5,533.9,333.6,338.3,334.4
2139,2595.9,2309.7,7079,6507.9,7412.8
1536.2,1532.8,1754.9,1158.3,1136.4,986.3
81,75.2,79.9,61.1,58.5,60.9
225.6,222.4,227.8,38.8,75.8,46.2
802.7,661.5,641.5,1328,1373.6,1455.3
671.3,748.4,920.5,248.6,115.6,116.2
867.7,950.1,1085.1,99.1,155.6,134.3
276.9,292,286.4,544.9,624.5,580.4
1030,1147.3,1114.3,775.9,723.1,679.9
101.8,102.3,107,59.3,51.3,52.9
1186.2,1296.5,1290.7,1867.5,1862.9,1703.5
1687.9,1555.3,1706.2,2061.8,2152.4,2052.2
827,889.3,803.6,585,627.8,605.5
1072.7,1122.7,1141,926.7,861.3,915
4588.8,4636.2,4158.9,2183.3,2042.4,2113.4
1057.7,1089.4,945.1,497.5,666.6,577.2
3118.3,2876.1,3173.9,1317.4,1499,1579.1
7633.8,7597.9,7339.9,5290.5,5542.8,6060.1
60.8,57.8,45.2,6.8,19.6,8.9
1404.6,1155,1079.3,6604.2,6473.9,6451.7
283.3,254.1,222.4,1411.7,1551.9,1613.9
1157.7,990.4,1063.6,779.8,709.5,835.4
2298.9,2361,2333.4,2497.3,2430.5,2481.1
1046,1238.7,1065.4,757.7,772.4,642.7
15.9,22.9,14.8,36,30.6,34.3
193.6,162,184.3,122.3,87.6,107.8
1342.8,1263.1,1279.7,558.7,457.9,494.9
896.9,1046.5,775,1660.2,1823.3,1862.8
3831.2,3333.6,3475.6,2165.2,2651.8,2560.9
5767.4,5722.9,5916.7,8414.7,8231.5,8026.3
2351,2310.5,2278.5,3025.1,2869.1,2974.7
1300.5,1160.8,1332.3,585.3,526.5,491.1
1335.4,1163.8,1110,561.4,434.8,496
72.7,49.5,63,162.2,142,133.4
527.3,575.7,521.6,433.3,355.9,379.1
359.1,252,519.3,1024.7,1126.6,1313.4
3502.1,3323.8,3138.9,3964.6,4006.9,4213.8
3887.1,3849.4,3725.1,4951.9,4743.9,4887.8
799.9,827.1,714,458.8,493.3,598.6
228.6,222.4,301,92.8,32,65.6
188.7,229.2,204.5,122.9,96,83.4
177.2,202.4,194.1,334.7,328.9,293.2
1331.9,1285.9,1361.5,2443.2,2384.1,2266
7626.6,8023.2,7852.9,6907.1,6824.6,6369.5
639.3,632.2,600.6,464.3,388.6,406.3
985.2,770.5,899.1,1365.1,1418.8,1500.1
5203,6700.3,5417.6,9672.2,8853.2,9602.9
2131.8,2248.8,2343.3,1516,1414.6,1320.9
831.6,913.7,780.5,499,551.9,597.4
211.6,302.9,166.8,1073.2,1180.8,1313.2
345.1,291.1,295.7,410.3,421.2,469.4
2979.1,2921.7,2489.5,654.9,691.6,698.8
1657.9,1865.2,1743,2598.3,2637.5,2712.9
922.1,902.8,920.8,1295.7,1206,1233
339.2,389.5,380.2,1229.9,1514.9,1501.5
630.8,610.4,608.7,488.2,459.5,447.4
457.2,466.4,393.2,774.8,755.1,774.9
1163.8,1077.2,1256.7,1720.4,1550.6,1760.1
438.1,513.3,520.3,1083.2,999.9,1190.2
1141.3,946.4,1062.3,1955.3,1704.8,1712
594.5,660.6,737.1,1313.1,1170.7,1273.7
8543.3,8389.9,7869.8,6299,6094.6,5920.8
532.4,550.7,454.6,738.7,744.4,699.9
1217.5,1318.5,1162.6,1740.2,1565.9,1712.1
1760,1770.1,1919.5,1332.2,1091.9,1076.4
1142,1033.3,1132,1555.2,1691.5,1544.5
589.1,639.5,551.7,1227.5,1136.7,1229.2
125.7,126.1,148.4,17,20.7,62
275.1,313.6,276.8,180,147.8,165.4
5095.3,5117.1,4957.8,5907.7,5772.4,5783.4
2323.4,2199.7,2407.8,118.3,110.1,197.1
1862.9,1774.4,1887.2,1505.2,1551.5,1435.7
688.7,687.3,604,857.4,902.8,993.5
778.5,901.9,787.3,327.9,313.5,406.4
3912.2,3501.1,3524.5,5214.6,5005.1,4804.2
1830.9,1963.1,1904.9,3134.8,2983.2,3037.9
1391.9,1496.7,1158.4,2138.9,2134.5,2232.5
957.3,1221.4,1072.9,1840.9,2134.5,1828.2
950.4,938.5,973.7,400.8,360.6,404.5
131.6,130.3,148.2,295.3,356.3,333.5
14728.9,14284.2,16334.9,5421.5,4733.9,4898.5
1088.5,1245.9,1126.7,1500,1540,1582.9
1311.7,1252.5,1322.8,810.6,855.3,908.3
1490.9,1534.9,1375.7,1186.7,1085.8,1077
994.1,1014.5,1016.8,1198.6,1206.3,1168.5
4009.5,4366.6,3885.5,5938,5686.4,5491.1
979.8,986.5,1030.4,1198.6,1221.8,1256.1
877.3,843.3,869.9,736.3,674.5,731.2
260.6,335.6,232.2,451.8,507.4,478.8
3861.1,4302.9,3714.6,5504.8,5240.2,5047.1
411.3,410.3,372.3,1524.6,1630.8,1625.7
1476.6,1584.4,1425,2320.3,2290.8,2107.4
1442.7,1712.5,1638.5,2701.8,2901.5,3073.4
571.1,587.7,440.7,809.9,793.5,896.9
374.5,378.4,386.9,169.4,206.7,182.9
292.4,392.2,464.4,902.1,878.3,937.8
738.2,673.6,829.6,375.4,444.7,459.4
1127.7,1110.8,945.1,2399.5,1931.5,2019
391.5,356.1,373.4,883.1,892.8,787.2
2340.7,2588.1,2246.5,4911,4864.9,4911.5
259.8,295.2,233.4,88.7,82.9,105.2
1478.5,1669.5,1648.6,2677.4,2724,2293
2368.7,2081.1,2348.6,1567.3,1272.6,1357
1774.6,1785.6,1774.8,2175.3,2193.5,2152
4694.3,4692.4,4665.9,3281,3275.7,3510.9
508.2,576.6,520.2,1940.6,1918,1971.4
4791.2,4912.9,4719,2395.4,2246.6,2346.7
545,565,667.9,1594.3,1655.3,1564.8
4101.6,4403.2,4986.7,6906.5,6370.5,6303.1
822.5,882.7,997.5,1456.1,1274,1319.3
2316.8,2181.9,2309.1,1704.7,1541.2,1643.2
2212.7,2156.5,1992.3,1749.4,1599.8,1606.9
335.6,362.3,312.4,432.7,482.4,476.2
508.7,538.4,507.5,268.7,348.5,326.7
460.5,371,406.5,826.3,822.5,945.4
815,962.5,911.1,1455.4,1416.7,1369.3
572.7,496.2,590,799.9,758,809.8
3389,3991.5,3743.2,5313.3,4958.3,5112.8
549.6,483.6,476.4,1288.9,1307.6,1402.1
375,510.2,420.3,879.1,812.1,927.7
231.5,160.6,139.6,407.6,477.2,351.7
171.9,217.7,194.7,321.5,288.9,332.8
1329.6,1244.2,1369.6,2779.5,2428.3,2872.4
314.8,357.7,263.9,907.8,883.4,893.7
226.4,207.8,97.8,1058,831.3,1037.8
1199.8,1329.8,1379.3,1553.9,1648.9,1717
5638.3,6627.6,6072.6,7880.4,7810.3,8343.9
1707.4,1655.6,2005.1,3497.6,3338,3349.6
1292.5,1256.8,1508,2881.1,3056.4,2765.4
803.5,921.6,828.2,1136.3,1096.9,1051.4
1542.4,1452.1,1259.1,793,719.2,646.2
813.9,746.7,774.8,603.7,649.3,663.7
9664.6,9851.9,9005.8,13564,12488.5,12717.2
1231.9,1262.7,1372.3,2924.6,2612.1,2577.6
2048.4,2106.8,2212.3,1816.5,1889.5,1765.1
609.3,625.9,577,460.2,508,511.9
9372.4,9536,9474.8,4373.4,4013.7,4481.9
79,37.9,93.3,176,239,244.9
2338.3,2829.8,2630.6,1660.7,1638.7,1342.2
1608.6,1589.7,1304.6,3147.1,3517.8,3410.6
14.4,28.8,11.4,94.5,84.1,85.9
588.6,614.6,715.1,393.6,292.7,318.6
1236.9,1442.7,1207.2,1886.2,1861.4,1776.8
368.4,452.8,388.2,629,695.8,696.8
16592.1,16854.1,18252.4,12955.4,12471.9,13745.6
27125.9,25833.2,28080.1,8566.7,7967.2,8229.7
1368.2,1391.6,1491.6,1680.3,1770.7,1749.4
92.3,92.8,102,19.5,17.5,26.1
3883.7,3754,4101,925.1,738.6,719.9
783.8,818.8,774.5,1742.8,1602.5,1720.1
260.1,241.5,221.8,148.6,163.2,173.3
32.3,37.2,34.5,20.6,19.4,17.5
397.9,385,369.8,328.9,304.3,316.9
953,967.2,984.4,1191.8,1277.2,1188.3
27.4,33.5,14.5,102.1,97.8,128.7
2219.1,2045.4,1884.1,1228.4,1072.8,1431.5
1029.7,939.1,880,639.6,540.6,577.7
758.8,708.1,663.4,403,362.4,459.3
2490.2,2703.3,2545.5,3127.4,3264.3,3031.2
2656.1,2960.5,2638.2,1674.7,1738.3,1886.8
737.6,693.3,732.4,380.1,471.1,386.3
4615.5,4746.7,4478.5,5415.3,5429.3,5389.6
1834.2,1855.6,2001,1250,1480.1,1463.8
138.3,160.2,177.5,71.3,72.3,91.5
181,199.7,214.4,263.7,297.9,296.7
1262,1211.6,1253.8,884.1,933.4,1012.9
255.3,281.7,279.9,674.2,639.5,782.8
120,163.1,184.3,358.7,390.1,332.3
5047,5128.4,4845.7,4164.3,4191,4446.7
458.3,643.3,619.8,1343.4,1204.7,1034.2
2139.3,1411.3,1790.3,3530.1,3848.9,3946.2
11282.6,11232.3,11213.2,8193.4,7331.3,8190.5
390.4,304.3,453.7,712.4,776.4,664.2
290.7,301.7,329,432.5,438.9,433.3
119.7,94.7,108.1,274.6,224.5,248.2
391.5,452.1,349.6,679,664.8,731
493.5,614.3,387,1395.8,1673.5,1648.8
695.4,697,754.9,937.1,890,969
